-1 -1
-1 -1
-1 -1
-1 -1
-1 -1
-1 -1
-1 -1
-1 -1
-1 -1
-1 -1
-1 -1
-1 -1
-1 -1
-1 -1
-1 -1
-1 -1
-1 -1
-1 -1
-1 -1
-1 -1
-1 -1
-1 -1
-1 -1
-1 -1
-1 -1
-1 -1
-1 -1
-1 -1
-1 -1
-1 -1
-1 -1
-1 -1
-1 -1
-1 -1
-1 -1
-1 -1
-1 -1
-1 -1
-1 -1
-1 -1
-1 -1
-1 -1
-1 -1
-1 -1
-1 -1
-1 -1
-1 -1
-1 -1
-1 -1
-1 -1
-1 -1
-1 -1
-1 -1
-1 -1
-1 -1
-1 -1
-1 -1
-1 -1
-1 -1
-1 -1
-1 -1
-1 -1
-1 -1
-1 -1
-1 -1
-1 -1
-1 -1
-1 -1
-1 -1
-1 -1
-1 -1
-1 -1
-1 -1
-1 -1
-1 -1
-1 -1
-1 -1
-1 -1
-1 -1
-1 -1
-1 -1
9 61
18 60
31 52
18 45
16 43
18 23
9 26
6 24
1 22
-1 -1
-1 -1
-1 -1
-1 -1
0 34
0 33
1 34
1 33
0 33
-1 -1
-1 -1
-1 -1
-1 -1
-1 -1
-1 -1
-1 -1
13 46
16 37
9 34
10 17
11 18
11 32
20 27
21 26
22 33
20 33
22 35
24 31
24 31
24 31
24 31
24 31
24 31
24 31
24 31
24 31
24 31
24 31
24 31
24 31
-1 -1
-1 -1
-1 -1
-1 -1
32 12
40 20
33 24
37 16
32 20
28 33
31 23
26 27
30 25
28 27
29 26
32 18
21 23
35 19
29 13
20 26
23 23
19 27
16 30
17 27
16 27
16 29
16 28
15 24
13 20
12 17
13 15
12 21
11 26
11 26
12 26
13 25
15 24
12 29
8 32
5 33
2 35
0 43
-1 -1
-1 -1
-1 -1
-1 -1
-1 -1
0 44
-1 -1
4 46
21 25
14 36
23 25
16 33
18 29
18 25
14 25
15 15
14 20
14 25
14 25
13 24
14 25
15 23
14 27
16 20
15 25
15 23
15 21
15 19
15 19
15 17
15 15
16 14
16 14
16 14
17 13
17 13
17 17
16 26
16 27
19 26
10 35
4 14
4 14
5 17
6 1
-1 -1
-1 -1
-1 -1
-1 -1
-1 -1
-1 -1
-1 -1
-1 -1
-1 -1
-1 -1
-1 -1
-1 -1
-1 -1
-1 -1
-1 -1
-1 -1
-1 -1
-1 -1
-1 -1
-1 -1
-1 -1
-1 -1
-1 -1
-1 -1
-1 -1
-1 -1
-1 -1
-1 -1
-1 -1
-1 -1
-1 -1
-1 -1
-1 -1
-1 -1
-1 -1
-1 -1
-1 -1
-1 -1
-1 -1
-1 -1
-1 -1
-1 -1
-1 -1
-1 -1
-1 -1
-1 -1
-1 -1
20 112
31 59
29 57
26 49
26 49
21 29
25 27
25 20
22 16
21 15
21 15
21 16
21 18
21 17
21 18
21 26
19 37
19 38
30 40
29 40
27 36
27 32
27 31
27 32
27 30
27 30
27 35
27 36
31 33
31 32
31 31
31 30
31 36
31 36
32 31
36 29
38 34
39 33
42 27
46 29
46 37
42 30
33 23
30 20
29 18
29 18
26 25
21 52
19 58
20 56
16 55
16 56
18 57
18 57
15 56
15 56
15 56
15 55
16 54
17 57
20 63
21 58
20 54
20 54
19 59
17 65
26 60
27 60
27 59
26 59
30 59
32 59
32 57
31 56
34 59
34 60
29 66
36 61
41 58
41 57
40 57
42 56
45 54
44 61
40 63
44 64
48 63
62 60
60 58
79 54
61 48
60 39
70 32
76 32
72 32
71 30
70 31
69 29
69 28
69 26
70 26
73 28
75 37
78 32
78 26
77 27
72 35
79 24
79 22
80 22
80 19
82 17
83 16
83 15
84 13
85 13
85 16
83 16
79 18
69 22
53 22
4 42
-1 -1
-1 -1
-1 -1
-1 -1
-1 -1
-1 -1
-1 -1
-1 -1
-1 -1
-1 -1
-1 -1
-1 -1
-1 -1
-1 -1
-1 -1
-1 -1
32 49
72 53
79 48
83 32
85 20
85 18
81 15
81 15
83 13
84 12
84 11
86 11
84 17
83 19
87 19
81 24
79 28
75 37
77 36
95 29
109 24
127 19
126 17
124 20
119 23
101 36
86 39
84 33
78 40
73 47
77 49
76 46
70 53
61 60
57 60
57 57
60 53
67 45
61 44
52 47
63 44
67 43
62 51
70 50
66 45
65 45
69 40
69 27
68 24
67 21
65 20
61 26
58 41
63 51
76 47
86 39
92 29
91 15
85 13
73 17
65 27
63 40
67 48
78 48
87 37
87 35
85 38
85 41
88 34
90 32
87 33
73 47
49 59
27 63
26 62
25 61
26 62
34 63
38 63
42 63
42 63
42 63
41 64
40 68
42 69
43 72
44 74
46 72
48 72
49 71
50 69
50 69
50 69
49 71
48 71
47 72
45 75
43 79
43 75
42 74
41 75
43 72
50 63
52 62
56 62
61 66
63 71
76 129
78 170
54 164
50 166
45 184
55 182
-1 -1
-1 -1
33 231
41 217
37 186
39 192
30 189
29 187
27 183
24 183
18 183
17 182
15 180
14 180
14 179
13 179
12 179
11 179
11 179
11 179
8 179
8 181
8 181
8 181
8 182
8 183
9 183
14 182
16 183
20 182
26 182
29 181
35 181
40 181
46 181
49 181
56 181
60 181
67 181
70 181
77 182
81 181
87 182
89 181
93 181
96 182
99 182
95 180
67 169
29 155
29 138
39 137
39 138
43 138
44 132
44 129
44 126
43 123
43 121
45 117
45 117
45 117
45 121
42 129
40 150
39 153
39 155
39 160
38 169
38 174
38 182
39 189
40 199
40 205
39 213
38 218
38 221
37 219
34 204
12 167
-1 -1
-1 -1
-1 -1
-1 -1
-1 -1
-1 -1
-1 -1
-1 -1
-1 -1
-1 -1
-1 -1
-1 -1
-1 -1
-1 -1
-1 -1
-1 -1
-1 -1
-1 -1
-1 -1
-1 -1
-1 -1
72 129
207 206
249 201
297 171
-1 -1
-1 -1
-1 -1
-1 -1
-1 -1
-1 -1
-1 -1
-1 -1
-1 -1
-1 -1
-1 -1
-1 -1
-1 -1
-1 -1
-1 -1
-1 -1
-1 -1
-1 -1
-1 -1
-1 -1
-1 -1
-1 -1
-1 -1
-1 -1
-1 -1
-1 -1
-1 -1
291 70
233 84
103 92
63 101
46 112
20 132
19 135
19 129
16 123
13 121
12 122
10 123
9 121
9 120
10 120
10 119
10 118
10 118
9 117
9 118
9 123
8 130
8 136
9 141
10 149
12 155
15 160
18 164
21 167
24 168
28 172
29 174
31 176
34 178
36 180
40 181
42 181
51 178
52 177
54 175
58 173
63 169
67 166
71 161
73 157
77 151
79 145
81 138
83 134
85 127
85 122
86 117
86 116
86 116
72 159
64 216
65 204
68 194
68 189
70 187
71 183
67 187
65 183
70 184
72 184
72 181
73 181
72 181
72 181
72 181
73 181
68 184
65 183
65 181
72 181
75 181
77 182
78 181
78 181
78 181
79 181
79 181
79 181
79 178
79 184
79 190
78 190
77 194
77 199
78 198
78 199
76 199
76 199
76 199
76 199
77 198
78 197
80 195
80 200
76 207
78 206
84 205
81 190
61 159
50 136
69 141
71 137
75 138
79 136
81 133
83 132
85 131
86 129
85 126
84 125
84 125
84 124
84 123
83 126
85 124
84 123
84 126
85 123
83 127
85 124
78 127
62 130
52 131
50 129
47 126
45 126
44 127
43 126
41 125
40 123
41 124
46 124
47 124
45 124
36 133
31 132
37 131
42 136
44 135
49 124
64 91
67 84
71 81
74 68
71 70
79 53
78 46
77 50
66 47
72 42
74 38
66 42
68 40
69 37
71 37
72 37
75 33
75 32
59 57
44 92
43 106
52 112
54 116
61 112
46 126
41 135
52 128
68 127
68 124
43 119
36 117
32 120
31 122
30 121
30 119
30 116
29 116
29 117
27 116
27 121
26 125
28 125
33 123
33 117
33 120
31 129
43 130
52 130
52 129
51 126
51 124
52 124
52 123
52 124
52 123
54 123
56 125
57 124
60 124
63 125
64 125
67 125
70 126
76 125
77 131
81 153
79 159
80 164
77 168
77 170
79 170
80 170
80 173
80 173
83 170
84 165
86 160
87 158
88 151
88 147
88 139
86 138
73 147
65 142
66 132
50 117
39 120
39 120
70 79
88 74
89 74
94 70
85 68
75 67
71 65
73 52
71 46
70 67
73 102
72 144
69 158
68 165
66 166
65 167
65 167
65 118
35 79
-1 -1
-1 -1
-1 -1
-1 -1
-1 -1
-1 -1
9 160
81 163
79 167
78 170
67 172
63 172
70 162
76 142
79 135
83 139
96 148
103 146
101 170
94 174
94 181
87 183
76 181
72 181
66 183
62 184
63 185
64 184
64 183
63 183
62 182
62 182
65 183
69 182
67 181
62 182
63 182
67 183
66 181
63 182
62 182
61 182
61 182
58 183
55 182
54 183
53 182
54 183
54 183
53 183
53 183
52 183
53 184
55 184
56 184
56 184
57 184
59 184
60 184
60 184
59 184
61 184
66 183
67 182
67 183
76 183
81 182
93 183
98 181
110 180
115 180
116 181
114 182
114 184
113 186
110 187
109 189
108 189
109 189
109 189
109 187
110 187
103 184
94 184
90 185
88 185
88 185
88 185
88 183
87 183
84 181
84 167
85 153
86 138
85 132
85 130
85 129
85 128
85 127
84 126
84 125
84 124
84 124
84 123
83 123
83 123
84 121
94 112
152 111
235 125
-1 -1
-1 -1
-1 -1
-1 -1
-1 -1
-1 -1
-1 -1
-1 -1
-1 -1
-1 -1
-1 -1
-1 -1
-1 -1
-1 -1
-1 -1
-1 -1
-1 -1
-1 -1
-1 -1
-1 -1
-1 -1
-1 -1
-1 -1
-1 -1
-1 -1
-1 -1
-1 -1
-1 -1
-1 -1
-1 -1
-1 -1
-1 -1
-1 -1
-1 -1
-1 -1
-1 -1
-1 -1
-1 -1
-1 -1
-1 -1
-1 -1
-1 -1
-1 -1
-1 -1
-1 -1
-1 -1
-1 -1
-1 -1
-1 -1
-1 -1
-1 -1
-1 -1
283 84
220 104
150 143
113 157
105 161
104 164
99 169
95 179
87 184
87 184
87 184
92 181
105 163
102 166
100 180
100 183
99 189
100 187
101 181
101 180
99 181
86 182
70 184
61 183
62 182
63 181
63 182
63 182
62 182
62 182
62 181
62 181
62 181
62 182
62 183
62 182
62 181
61 181
61 182
61 182
61 182
65 181
67 181
68 181
68 180
70 180
73 181
74 180
74 181
71 176
71 176
72 175
72 176
72 176
72 176
72 177
74 180
75 179
75 180
74 180
71 182
67 184
67 194
78 190
94 184
99 184
99 184
98 184
100 181
101 181
100 182
100 183
99 183
99 183
101 182
102 181
102 181
102 181
102 182
100 182
99 182
97 181
95 182
92 183
90 183
88 183
87 183
85 183
84 182
83 182
83 181
84 180
85 181
85 181
84 179
83 181
81 182
81 183
81 184
81 184
83 187
78 187
76 188
79 181
81 169
80 171
81 166
80 176
79 180
83 153
85 121
86 99
79 68
73 50
68 43
61 29
65 20
78 10
87 13
93 29
83 50
75 51
71 59
72 113
76 151
76 170
75 175
75 179
72 183
72 169
77 140
76 139
80 133
79 132
73 121
62 126
41 144
43 165
64 171
72 181
77 179
77 185
77 189
91 128
103 87
71 73
114 49
106 57
100 67
113 61
115 47
112 43
111 40
108 39
106 36
105 35
104 36
103 36
102 35
102 33
100 32
99 33
104 33
103 36
99 40
99 40
104 39
118 30
117 29
125 25
114 25
110 12
116 20
115 29
117 31
118 24
117 26
118 21
119 19
117 29
116 30
122 29
125 25
126 20
125 29
120 58
104 84
75 132
66 155
63 155
68 154
72 153
77 155
79 153
77 155
76 156
76 156
77 155
76 155
76 155
76 155
76 155
76 154
75 156
75 157
75 156
76 155
77 153
78 151
79 147
80 144
80 139
81 137
82 133
83 132
83 133
80 134
80 134
80 132
80 131
80 131
83 133
84 133
81 132
80 132
82 129
83 130
85 133
85 124
86 120
87 115
88 114
87 113
87 111
88 109
89 112
87 118
87 118
86 117
85 114
86 117
86 119
88 117
89 116
86 117
86 117
87 109
81 99
85 58
86 39
80 37
88 134
86 142
86 142
85 143
86 138
85 133
85 130
85 128
85 126
84 124
85 125
85 124
85 124
85 123
84 124
85 125
84 123
83 127
85 123
78 129
59 134
51 133
47 130
43 126
43 125
53 126
66 126
73 125
72 126
76 128
77 129
80 128
83 126
80 117
75 122
71 124
67 125
66 123
64 117
63 117
62 117
62 117
62 117
62 117
67 103
70 96
72 96
73 95
73 103
72 106
74 99
73 99
55 85
52 81
50 69
50 69
50 57
48 59
45 68
45 68
44 68
40 68
38 66
40 64
42 63
42 62
38 67
37 76
37 78
37 78
37 77
39 75
44 72
51 67
51 70
51 75
58 83
60 105
63 99
73 53
80 32
79 29
77 33
77 35
75 37
74 36
73 37
75 37
77 33
77 35
77 36
76 38
74 41
73 44
75 44
76 41
76 41
74 41
73 43
73 40
72 41
70 46
76 37
70 47
73 42
75 44
78 38
78 38
77 37
76 35
77 26
73 35
73 33
73 35
82 18
84 12
73 38
72 42
72 41
73 41
70 45
68 47
68 35
69 35
73 33
81 31
87 28
76 33
72 41
73 39
75 38
76 38
76 41
73 45
78 40
80 40
80 40
77 40
75 42
78 37
77 37
67 48
57 60
51 61
44 63
42 63
45 67
55 59
54 58
48 91
48 85
50 78
64 59
71 54
76 52
77 50
76 49
74 48
67 66
67 67
64 71
64 71
67 70
70 61
71 63
70 64
69 75
67 82
65 85
64 87
63 90
62 91
59 93
59 96
59 96
60 98
60 98
60 98
60 98
60 98
60 98
60 98
60 98
60 98
60 98
60 98
60 98
60 98
60 98
60 98
60 98
60 98
60 98
60 98
60 98
60 98
60 98
60 98
60 98
60 98
60 98
60 98
60 98
60 98
60 98
60 98
60 98
60 98
60 98
60 98
60 98
60 98
60 98
60 98
60 98
60 98
60 98
60 98
60 98
60 98
60 98
60 98
60 98
60 98
60 98
60 98
60 98
60 98
60 98
60 98
60 98
60 98
60 98
60 98
60 98
60 98
60 98
60 98
60 98
62 90
63 89
73 69
82 55
112 48
127 54
157 43
156 39
164 42
172 35
168 49
197 39
187 36
197 23
197 11
178 39
194 30
116 10
0 -2
-1 -1
-1 -1
-1 -1
151 88
162 79
170 64
185 39
175 39
176 40
191 17
190 17
191 15
192 13
188 12
187 11
189 11
190 11
189 11
183 10
176 11
167 17
166 23
168 22
172 18
175 15
176 16
176 18
176 18
174 17
171 23
169 37
169 36
168 35
168 32
171 32
172 33
177 30
180 28
182 25
184 22
183 24
178 34
180 39
184 33
185 30
184 30
188 35
190 32
190 29
187 33
185 39
193 27
194 24
192 21
193 22
191 41
197 39
201 32
201 32
201 32
201 31
201 32
200 30
203 30
200 34
199 36
203 34
219 33
222 29
220 23
225 17
227 13
226 13
223 12
222 11
224 11
226 10
226 10
223 11
217 19
215 21
218 27
217 32
216 35
216 35
218 39
216 50
212 55
215 68
222 60
231 29
232 23
232 18
233 17
232 17
232 17
233 15
235 18
239 26
241 24
240 17
240 15
238 18
232 27
235 25
245 14
245 10
245 10
247 10
247 9
248 9
248 11
247 15
245 15
248 16
257 22
273 28
269 33
266 28
264 24
262 19
262 19
262 19
265 17
262 21
266 19
271 19
277 16
244 39
244 45
258 35
238 47
220 60
244 45
266 27
265 23
261 29
268 18
264 21
264 23
261 22
266 19
264 21
261 27
261 26
260 24
260 20
260 22
256 32
267 25
275 19
276 17
286 12
281 18
279 17
278 17
278 17
276 17
279 17
278 18
272 16
272 17
271 20
274 19
278 15
280 13
280 9
275 17
274 21
274 17
277 15
271 10
270 9
283 15
285 20
283 20
282 17
288 24
288 24
289 16
280 27
285 26
293 21
294 18
300 18
296 21
297 23
300 20
299 14
298 14
296 25
299 24
305 17
308 13
307 14
309 13
312 15
306 23
306 26
311 25
288 53
245 69
231 76
236 69
240 63
234 67
235 63
235 62
236 59
240 55
238 55
236 55
235 55
234 51
233 52
232 52
230 52
229 51
230 51
230 50
231 49
231 49
230 48
230 49
228 48
228 49
231 50
235 51
231 54
230 56
234 55
234 59
230 63
227 61
255 59
248 62
248 63
248 61
247 58
248 58
247 62
248 62
255 59
258 56
259 53
259 54
263 63
263 56
264 54
262 56
258 63
268 57
271 55
273 54
275 55
270 59
274 60
283 57
289 54
287 53
286 53
288 52
291 51
290 56
284 64
287 65
287 65
287 65
241 87
228 92
222 97
221 91
228 68
233 59
230 51
223 51
210 51
207 52
216 41
206 35
144 40
99 16
95 12
81 28
80 32
77 36
72 35
78 27
77 30
76 32
78 29
76 30
77 25
77 27
71 33
72 37
63 49
61 46
63 33
62 22
59 20
59 22
60 15
60 18
63 16
64 15
63 16
63 14
66 12
76 11
80 15
83 32
70 47
91 47
165 50
223 57
242 46
241 49
160 118
157 120
153 124
161 101
151 107
169 94
165 91
157 102
163 90
159 100
170 85
158 96
162 93
162 85
162 86
163 81
151 98
153 91
147 83
142 79
145 72
159 48
162 67
162 63
140 37
-1 -1
-1 -1
-1 -1
-1 -1
-1 -1
-1 -1
-1 -1
-1 -1
-1 -1
-1 -1
-1 -1
-1 -1
-1 -1
-1 -1
-1 -1
-1 -1
71 84
168 127
177 130
188 116
179 98
168 100
168 100
172 99
173 99
168 102
169 100
172 99
172 99
174 99
171 101
171 101
172 103
172 103
175 102
178 94
178 84
178 83
175 84
174 92
176 101
179 97
182 95
183 96
183 100
185 100
189 96
189 95
189 103
190 96
193 94
193 99
196 98
199 96
198 103
198 92
191 84
187 84
189 88
184 99
173 120
171 122
180 119
176 117
175 120
174 119
172 120
171 118
171 117
172 117
173 118
173 118
174 117
181 117
182 117
182 117
182 117
175 117
169 118
174 115
174 115
174 114
174 112
174 112
179 119
181 119
179 117
179 114
176 118
175 118
175 115
171 121
174 117
171 117
174 116
174 115
174 114
178 120
179 111
179 110
179 109
176 124
184 121
186 117
186 116
182 118
184 118
189 117
188 116
189 115
192 115
191 118
191 120
202 117
200 118
204 115
200 115
200 115
200 114
199 113
199 111
202 110
203 113
198 121
202 122
207 120
225 102
222 101
222 99
222 96
221 96
224 90
224 91
223 91
223 91
223 91
224 91
225 91
226 89
222 83
220 87
217 99
216 104
216 101
215 98
220 97
228 92
233 90
236 87
231 93
228 101
234 100
236 94
238 96
242 97
242 92
242 92
237 100
244 92
245 87
246 85
247 86
247 86
250 91
249 100
245 103
255 93
258 91
259 91
258 94
256 96
262 96
281 88
278 86
278 86
279 85
283 84
280 89
277 96
279 99
278 99
248 109
201 124
191 123
177 120
177 121
177 121
176 123
175 124
175 123
176 122
176 121
178 121
188 121
192 121
196 121
143 98
72 77
27 59
23 54
10 60
31 59
28 63
60 78
68 97
83 109
149 146
176 138
175 135
189 123
170 138
170 138
167 144
176 136
183 133
183 132
179 135
174 144
170 150
175 148
175 146
173 150
171 150
169 152
168 152
166 152
168 153
167 154
166 156
166 156
169 154
171 153
171 152
171 152
171 152
171 152
171 152
171 152
171 152
171 152
171 152
146 92
146 103
159 119
163 131
160 150
166 147
157 157
174 149
174 153
179 144
177 143
176 147
176 145
174 145
174 145
173 144
171 139
171 137
171 135
171 135
171 135
171 135
171 134
170 134
169 134
169 134
169 133
169 132
170 132
171 130
171 130
171 135
168 148
167 156
166 163
165 174
165 181
166 193
166 201
166 211
165 215
165 219
165 220
166 206
163 203
158 199
147 188
141 187
135 187
134 189
134 189
130 190
129 189
130 189
132 190
130 188
129 188
128 188
128 190
128 191
128 191
128 191
128 191
128 191
132 191
141 192
147 192
157 195
163 195
173 196
179 195
190 195
196 193
204 194
210 194
214 193
222 193
224 193
216 191
190 165
170 143
150 122
54 106
-1 -1
-1 -1
-1 -1
0 78
63 84
192 129
248 132
305 117
-1 -1
-1 -1
-1 -1
-1 -1
-1 -1
-1 -1
-1 -1
-1 -1
-1 -1
-1 -1
-1 -1
-1 -1
-1 -1
-1 -1
-1 -1
267 81
211 109
155 132
130 132
131 137
135 139
137 137
135 138
136 135
144 124
165 117
154 123
146 128
146 130
143 135
144 131
145 124
136 132
127 132
123 117
113 104
93 61
87 53
78 50
71 58
61 111
52 135
42 139
19 123
5 112
6 130
11 157
37 174
70 169
133 166
157 183
152 180
148 161
142 148
139 146
136 145
136 143
135 140
135 140
135 139
135 138
134 139
135 138
135 136
135 135
135 135
137 134
138 135
136 133
132 134
129 137
129 137
129 136
129 135
128 134
125 135
125 135
126 133
127 133
127 132
127 131
128 131
128 130
127 129
127 129
127 129
127 129
128 128
128 127
128 127
129 126
129 126
129 128
129 132
129 141
129 147
130 153
132 159
134 165
135 169
137 173
140 176
143 180
144 182
146 185
149 188
152 190
155 193
157 194
159 195
161 195
164 196
166 195
171 192
172 192
173 192
174 191
177 190
178 188
180 187
183 184
186 183
190 180
192 177
194 174
195 172
198 171
199 168
200 166
201 164
202 163
202 162
202 161
203 160
203 160
205 159
205 158
206 157
206 157
207 154
207 153
207 153
207 153
207 153
207 153
208 151
208 150
208 148
208 148
207 148
207 145
208 145
208 144
208 144
209 143
210 142
209 142
209 142
209 142
209 141
209 140
209 140
209 140
209 140
209 140
209 139
210 140
210 139
210 139
210 140
210 140
210 140
210 140
210 140
209 141
207 142
207 143
207 144
207 145
208 145
209 147
209 146
212 146
213 145
214 142
214 141
211 141
210 139
222 134
222 133
217 135
214 136
212 138
213 138
212 139
213 138
212 137
212 137
212 138
212 138
212 138
212 136
213 137
213 134
214 133
214 130
215 129
215 127
216 125
216 125
212 147
208 153
201 163
203 157
206 151
206 148
216 127
222 121
271 66
285 59
291 49
298 41
305 30
299 28
298 28
302 27
295 23
289 45
236 109
196 175
193 191
196 193
202 192
211 195
214 196
215 197
215 196
215 195
214 196
214 195
215 195
214 195
213 195
213 195
213 194
213 193
213 193
213 192
213 192
211 198
210 200
212 199
215 211
212 210
209 212
209 211
209 210
209 211
209 211
213 208
212 212
209 220
209 221
215 218
215 213
199 175
166 157
163 146
160 140
164 141
166 139
167 139
168 139
168 139
168 139
167 139
168 139
170 139
171 139
169 141
162 137
160 135
160 133
160 131
160 131
159 139
159 139
161 138
161 137
163 133
163 132
163 132
161 141
160 146
160 148
153 166
158 177
202 186
222 201
226 187
209 199
213 205
222 202
219 207
216 202
215 188
211 197
211 196
214 177
215 176
214 176
212 177
200 165
184 160
172 158
170 157
168 155
168 155
167 155
167 156
166 155
165 155
163 155
163 155
163 155
164 155
167 155
169 155
166 154
158 154
155 153
155 152
155 153
156 153
156 154
155 154
158 153
158 154
155 157
154 159
158 159
159 161
160 162
174 163
196 168
210 167
211 168
211 165
214 165
216 163
216 162
217 160
217 160
216 160
216 160
215 160
215 160
215 159
215 159
215 158
215 158
215 158
215 158
215 157
213 158
214 159
216 158
215 156
214 161
216 159
214 158
213 161
214 158
212 159
212 159
212 160
213 161
214 157
212 159
215 159
212 159
214 160
215 158
211 159
214 161
215 157
212 160
215 157
212 157
215 157
214 156
215 156
-1 -1
212 149
212 148
212 147
212 148
211 154
210 158
211 155
215 142
215 146
212 157
211 155
214 147
214 150
210 159
214 147
215 147
210 164
212 162
214 165
213 169
219 157
218 158
225 146
222 147
216 156
218 148
216 148
212 155
211 151
210 157
208 163
210 158
214 153
214 147
213 155
214 149
214 149
212 148
211 151
212 147
212 147
211 148
210 150
209 149
209 149
210 151
211 151
211 151
210 154
214 151
211 161
211 159
208 166
203 169
168 181
149 162
143 150
138 138
135 139
129 137
128 133
128 129
126 127
127 127
128 127
130 126
130 127
130 127
130 127
129 134
128 147
129 155
129 162
130 166
134 173
138 177
142 184
144 185
148 189
152 190
158 193
160 195
165 194
168 195
172 195
176 191
183 187
183 185
186 184
187 181
190 179
195 174
197 171
199 168
201 165
203 161
204 161
205 160
206 159
206 157
208 154
208 153
209 149
209 149
209 149
208 149
208 150
208 150
208 149
208 149
209 157
211 167
213 173
214 172
215 162
214 155
213 149
213 148
212 148
212 148
212 148
213 147
214 147
214 148
212 148
212 149
212 148
211 148
211 148
210 149
211 149
211 148
211 147
211 147
212 147
212 147
212 147
212 147
211 148
212 147
212 147
212 146
213 144
214 144
213 143
211 141
209 144
208 147
209 147
210 145
210 142
208 141
208 141
208 142
208 142
208 142
208 143
207 143
207 143
207 144
207 145
207 145
207 145
207 145
206 145
207 145
206 148
206 147
207 147
207 147
209 148
209 146
210 145
211 145
212 145
212 147
212 147
211 146
210 148
210 148
209 148
208 151
208 149
207 150
206 151
205 153
204 151
204 151
204 151
204 151
204 151
204 151
204 151
204 151
204 151
204 151
204 151
204 151
204 151
204 151
204 151
204 151
204 151
200 151
201 151
200 151
200 151
200 151
200 151
205 153
206 152
206 151
207 151
207 150
209 150
210 149
209 151
207 152
208 152
210 149
215 145
216 142
217 141
217 141
216 140
215 142
211 145
211 145
212 141
216 138
216 138
215 135
214 135
213 137
213 136
213 135
213 135
214 132
215 130
215 127
215 127
214 132
212 136
213 136
214 135
214 134
214 136
210 145
212 149
212 146
212 145
213 144
214 144
214 144
215 145
216 144
216 144
215 148
214 149
214 150
215 146
216 141
216 141
216 138
216 136
216 135
216 136
216 132
219 121
220 111
220 112
218 115
214 133
212 137
212 138
211 141
213 138
213 136
213 139
211 141
211 145
211 143
210 142
214 139
242 97
279 56
288 45
287 45
290 35
288 25
294 27
289 29
286 31
282 51
276 63
271 61
267 62
269 66
267 66
267 66
265 67
264 66
267 67
264 66
258 66
262 67
280 68
287 68
295 60
293 51
276 49
274 57
236 87
222 85
222 77
222 80
220 66
203 51
198 48
218 55
220 72
210 129
206 145
208 158
208 166
211 164
213 163
214 162
215 162
215 162
215 162
214 161
214 160
211 161
201 165
183 174
154 163
143 152
137 138
134 133
132 130
131 129
130 130
130 129
130 127
129 132
129 138
130 145
131 150
135 162
136 163
136 163
136 164
133 145
132 140
131 134
129 140
129 152
131 156
132 162
134 166
137 172
141 181
145 187
150 190
156 193
162 195
166 193
171 191
175 191
181 187
185 185
187 182
191 179
194 176
198 171
200 165
203 158
207 154
207 151
207 151
209 150
209 148
210 147
210 147
209 148
209 149
209 149
209 149
209 147
207 148
208 149
210 145
210 145
210 145
210 145
209 147
209 147
210 146
209 147
209 147
207 147
207 147
207 147
207 147
207 147
207 148
206 148
206 148
207 147
207 147
207 148
207 148
207 148
207 148
208 148
209 146
210 141
211 141
211 141
211 140
210 142
210 141
210 141
210 142
210 142
210 142
210 142
210 142
211 143
211 141
211 143
210 155
211 157
209 157
210 158
211 159
213 161
215 160
216 160
216 160
216 160
216 160
216 149
216 145
215 139
215 139
215 138
215 136
216 132
220 122
223 114
224 110
222 115
207 142
206 144
205 145
203 143
207 139
208 137
208 130
208 129
208 130
205 130
206 129
207 125
207 124
209 121
211 116
210 115
210 114
210 114
210 110
211 109
211 107
211 107
212 106
212 108
212 108
213 110
215 111
215 110
215 115
216 117
219 116
222 118
223 118
223 123
225 120
225 112
222 113
222 118
227 110
239 100
246 103
253 107
256 106
259 107
261 104
263 108
261 110
261 111
261 109
260 110
261 107
265 106
264 108
264 108
266 106
267 101
268 101
267 101
263 104
254 109
249 107
242 114
240 130
242 135
245 142
245 147
244 147
243 148
237 147
223 150
219 157
219 167
222 174
224 181
220 183
197 183
171 169
145 160
129 164
128 164
143 166
148 165
148 163
144 157
147 164
150 166
151 167
151 177
153 172
154 172
157 174
152 177
156 169
155 166
174 166
234 152
293 153
-1 -1
-1 -1
-1 -1
-1 -1
-1 -1
-1 -1
-1 -1
-1 -1
-1 -1
-1 -1
-1 -1
-1 -1
-1 -1
-1 -1
-1 -1
-1 -1
-1 -1
-1 -1
-1 -1
-1 -1
-1 -1
-1 -1
-1 -1
-1 -1
-1 -1
-1 -1
-1 -1
-1 -1
-1 -1
-1 -1
-1 -1
-1 -1
-1 -1
-1 -1
-1 -1
-1 -1
-1 -1
-1 -1
-1 -1
310 88
266 116
207 153
178 143
188 80
192 81
202 100
201 130
203 146
203 160
202 190
203 193
199 192
198 193
194 194
194 196
195 195
195 194
195 194
195 195
194 194
194 195
194 195
195 195
198 196
200 196
203 197
206 196
207 196
207 196
207 194
207 193
207 193
207 193
207 197
206 199
206 197
207 193
207 193
208 195
206 200
206 199
208 192
204 199
202 197
201 200
200 195
201 193
205 195
202 196
200 199
198 205
192 207
193 206
193 206
193 206
193 206
193 206
193 199
193 189
193 188
192 190
185 189
181 190
182 185
182 186
183 185
179 187
177 189
177 189
178 189
179 189
182 188
190 187
188 187
188 186
189 186
189 184
189 184
192 180
191 181
190 181
190 179
191 180
190 180
189 180
189 181
189 181
188 181
188 181
188 181
188 181
188 181
188 181
189 180
191 179
193 178
194 175
197 172
198 171
199 168
200 167
202 164
205 162
206 159
207 156
207 154
207 151
208 152
208 151
208 151
208 150
208 151
207 150
207 150
205 151
205 151
207 150
209 151
209 151
208 151
207 151
207 151
207 151
209 148
209 152
210 152
209 152
207 158
203 161
198 169
193 174
193 171
198 154
-1 -1
207 145
199 142
191 144
186 141
183 144
178 143
179 144
186 144
197 144
201 145
203 144
204 144
206 145
209 145
209 145
210 143
209 144
210 144
210 144
210 145
209 148
205 157
202 159
204 153
207 151
209 145
209 145
209 146
203 162
199 171
193 176
192 177
192 178
195 174
195 178
193 196
197 201
197 200
193 197
195 196
208 197
214 196
211 194
202 166
200 167
199 168
200 166
205 160
207 154
208 151
208 149
207 152
207 151
207 154
199 167
198 170
195 171
191 175
186 178
183 180
183 181
187 179
191 174
195 171
199 166
200 163
202 160
204 157
205 157
207 154
208 151
209 150
209 149
209 150
209 151
209 152
208 152
208 153
207 154
207 154
207 154
207 154
207 156
207 156
207 157
206 159
206 159
207 154
208 153
207 153
208 150
208 151
207 152
207 151
207 153
207 152
207 152
207 151
207 152
207 154
207 151
207 151
207 150
207 150
208 150
207 151
205 157
206 155
207 151
208 150
209 148
209 149
208 151
206 165
212 173
222 191
220 193
220 186
222 187
228 186
230 190
232 192
233 192
235 192
237 193
238 192
239 193
239 192
240 193
240 193
240 193
240 193
241 193
241 192
241 192
240 192
236 192
235 192
232 192
231 192
232 190
248 178
279 162
289 140
246 103
163 43
103 4
177 96
231 115
242 118
270 126
-1 -1
-1 -1
-1 -1
-1 -1
-1 -1
-1 -1
-1 -1
-1 -1
-1 -1
-1 -1
-1 -1
-1 -1
-1 -1
-1 -1
-1 -1
-1 -1
-1 -1
-1 -1
-1 -1
258 153
227 174
221 190
224 189
226 195
230 195
234 194
235 193
237 194
236 194
234 194
231 194
228 193
225 193
224 194
222 193
221 193
220 193
220 193
223 194
223 193
223 192
222 191
222 192
219 194
218 196
217 197
217 197
222 199
220 190
239 137
244 128
244 123
239 118
231 114
226 115
225 118
223 120
223 118
224 116
224 115
223 114
222 115
221 115
220 115
220 115
220 114
220 114
219 122
217 125
216 129
216 130
216 131
215 132
214 132
214 132
214 135
214 136
213 135
212 135
212 134
212 133
212 133
212 136
212 138
212 138
213 138
215 136
216 136
216 136
215 135
213 135
212 135
210 148
202 165
202 170
202 169
203 169
204 166
205 163
206 162
207 157
209 147
213 135
214 135
214 133
216 134
216 132
216 135
213 139
214 139
209 141
208 141
209 134
210 129
209 141
206 145
204 143
204 138
206 137
209 139
209 137
210 139
211 141
211 139
212 141
211 141
212 139
211 141
211 141
210 140
209 140
209 141
209 141
210 141
212 139
217 130
213 140
215 136
215 142
212 145
211 145
211 146
213 143
214 139
212 150
211 159
211 170
210 187
209 202
212 184
210 159
208 157
207 153
209 150
211 145
211 145
211 145
211 145
211 145
210 147
210 164
212 178
213 188
213 200
214 204
214 203
213 201
213 201
214 201
214 199
213 199
213 194
214 192
210 195
210 193
209 195
209 195
209 195
209 195
211 193
209 177
208 170
210 167
210 165
211 161
213 159
215 154
216 151
212 154
211 149
210 148
207 151
207 151
207 151
209 150
209 148
210 147
209 146
206 150
203 151
201 152
202 148
207 145
209 145
211 143
212 141
211 143
211 143
211 143
212 141
210 142
208 145
210 142
209 143
209 145
209 145
208 144
209 140
217 127
218 123
226 106
237 81
230 75
263 103
261 121
268 113
290 97
277 106
302 93
276 101
237 99
219 97
227 101
255 101
228 114
251 109
274 107
281 112
299 94
291 97
293 91
294 90
293 92
293 91
293 93
292 93
293 92
296 91
297 90
297 88
297 86
297 86
297 86
296 85
296 86
294 87
294 87
294 86
295 83
295 83
295 83
293 90
292 93
296 91
-1 -1
-1 -1
-1 -1
-1 -1
-1 -1
-1 -1
-1 -1
-1 -1
-1 -1
-1 -1
-1 -1
-1 -1
-1 -1
302 78
297 80
294 81
294 83
293 83
294 82
294 87
292 90
292 91
299 91
302 89
304 82
304 85
301 96
296 102
286 124
272 145
265 158
260 163
257 142
249 137
236 132
229 132
229 126
227 129
225 129
224 132
222 132
220 132
219 125
215 119
208 98
203 95
203 97
225 144
219 153
217 157
219 166
230 152
224 159
239 155
237 149
239 149
236 147
238 145
235 146
234 146
235 145
236 141
233 147
233 144
234 145
234 146
235 148
235 148
236 146
240 130
238 130
234 149
241 147
241 144
243 142
242 147
243 145
246 140
245 145
245 148
250 141
250 147
253 141
249 135
247 132
247 130
244 136
238 155
234 162
231 162
230 159
229 159
233 167
233 162
232 159
230 168
236 162
238 162
237 162
243 158
243 159
245 160
245 160
242 168
250 160
251 158
251 157
251 157
253 157
255 161
252 166
253 167
263 158
266 142
265 135
267 131
269 126
270 126
266 123
263 131
262 146
261 141
260 136
270 136
273 131
275 127
274 131
270 145
276 143
276 134
280 139
283 138
282 135
278 142
284 135
285 126
286 128
289 141
284 148
294 138
294 136
295 136
294 137
293 138
294 139
299 139
293 142
297 142
299 136
298 131
293 143
292 148
304 140
304 139
305 138
304 141
296 160
293 169
305 156
297 163
292 167
291 167
293 166
289 163
287 172
284 179
282 174
290 175
299 166
299 164
295 178
302 173
302 171
306 169
302 178
306 178
308 165
307 163
312 174
301 183
305 163
307 145
304 147
299 162
308 158
315 138
308 139
314 143
309 142
304 138
310 143
305 151
297 160
289 180
290 178
290 168
289 168
289 166
287 167
281 169
282 164
254 146
200 105
127 61
103 52
103 52
103 52
51 34
50 38
48 42
48 42
46 52
45 52
44 49
43 47
43 39
56 30
67 27
67 27
68 26
68 36
73 33
73 33
73 33
72 29
73 24
75 25
74 26
74 26
75 29
75 30
77 29
78 31
81 37
86 41
85 39
85 41
95 40
93 41
91 42
95 39
92 43
92 44
99 45
100 48
101 49
97 49
93 51
87 52
80 54
72 61
68 66
59 65
51 62
43 64
41 64
42 63
68 60
91 67
91 67
136 94
212 157
224 168
241 174
258 176
263 177
266 176
265 168
261 160
263 156
268 152
272 151
287 151
288 148
289 153
291 169
288 167
252 149
219 145
207 151
205 157
206 159
207 159
208 157
210 159
210 163
210 163
210 163
210 163
210 163
210 163
210 163
210 163
210 163
210 163
210 163
210 163
210 163
210 163
210 163
210 163
210 163
210 163
210 163
210 163
210 163
210 163
210 163
210 163
210 163
210 163
210 163
210 163
210 163
210 163
210 163
210 163
210 163
210 163
210 163
210 163
210 163
204 162
205 160
208 159
210 158
212 157
213 157
213 157
215 154
215 153
216 148
217 145
216 145
213 147
211 154
210 153
207 159
206 159
208 154
208 152
210 151
211 149
209 149
210 148
211 145
211 146
210 145
210 146
210 146
210 147
209 150
207 154
208 151
210 147
211 145
211 145
211 144
213 142
217 134
218 127
209 145
208 147
207 147
208 146
208 145
210 145
210 145
211 145
212 145
213 144
213 143
213 143
213 144
211 145
211 144
212 144
212 144
211 145
211 145
211 145
212 145
212 145
212 145
212 145
212 145
212 145
212 145
212 145
211 146
211 146
210 147
210 148
210 147
211 145
211 145
210 146
210 146
210 146
210 146
211 145
211 145
211 145
211 145
211 145
211 143
211 143
211 141
210 141
211 143
211 141
211 141
211 143
212 141
212 141
212 141
212 141
212 141
212 141
212 141
213 144
212 145
213 141
213 141
213 141
213 141
212 147
215 147
216 148
215 151
215 152
214 153
212 159
212 159
213 159
212 161
210 162
207 163
205 165
204 166
204 165
206 159
208 157
209 157
209 157
208 157
207 157
207 158
206 160
205 160
205 160
205 160
205 160
205 160
205 160
205 160
205 160
205 160
205 160
205 160
205 160
205 160
205 160
205 160
205 160
205 160
205 160
205 160
205 160
205 160
205 160
205 160
205 160
205 160
205 160
205 160
205 160
205 160
205 160
205 160
205 160
205 160
205 160
205 160
205 160
205 160
205 160
205 160
205 160
205 160
205 160
205 160
205 160
205 160
205 160
205 160
205 160
205 160
205 160
205 160
205 160
205 160
205 160
205 160
205 160
205 160
205 160
205 160
205 160
205 160
205 160
205 160
205 160
205 160
205 160
205 160
205 160
205 160
205 160
205 160
205 160
205 160
205 160
205 160
205 160
205 160
205 160
205 160
205 160
205 160
205 160
205 160
205 160
205 160
205 160
205 160
205 160
205 160
205 160
205 160
205 160
205 160
205 160
205 160
205 160
205 160
205 160
205 160
205 160
205 160
205 160
205 160
205 160
205 160
205 160
205 160
205 160
205 160
205 160
205 160
205 160
205 160
205 160
205 160
205 160
205 160
205 160
205 160
205 160
205 160
205 160
205 160
205 160
205 160
205 160
205 160
205 160
205 160
205 160
205 160
205 160
205 160
205 160
205 160
205 160
205 160
205 160
205 160
205 160
205 160
205 160
205 160
205 160
205 160
205 160
205 160
205 160
205 160
205 160
205 160
205 160
205 160
205 160
205 160
205 160
205 160
205 160
205 160
205 160
205 160
205 160
205 160
205 160
205 160
205 160
205 160
205 160
205 160
205 160
205 160
205 160
205 160
205 160
205 160
205 160
205 160
205 160
205 160
205 160
205 160
205 160
205 160
205 160
205 160
205 160
205 160
205 160
205 160
205 160
205 160
205 160
205 160
205 160
205 160
205 160
205 160
205 160
205 160
205 160
205 160
205 160
205 160
205 160
205 160
205 160
205 160
205 160
205 160
205 160
205 160
205 160
205 160
205 160
205 160
205 160
205 160
205 160
205 160
205 160
205 160
205 160
205 160
205 160
205 160
205 160
205 160
205 160
205 160
205 160
205 160
205 160
205 160
205 160
205 160
205 160
205 160
205 160
205 160
205 160
205 160
205 160
205 160
205 160
205 160
205 160
205 160
205 160
205 160
205 160
205 160
205 160
205 160
205 160
205 160
205 160
205 160
205 160
205 160
205 160
205 160
205 160
205 160
205 160
205 160
205 160
205 160
205 160
205 160
205 160
205 160
205 160
205 160
205 160
205 160
205 160
205 160
205 160
205 160
205 160
205 160
205 160
205 160
205 160
205 160
205 160
205 160
205 160
205 160
205 160
205 160
205 160
205 160
205 160
205 160
205 160
205 160
205 160
205 160
205 160
205 160
205 160
205 160
205 160
205 160
205 160
205 160
205 160
205 160
205 160
205 160
205 160
205 160
205 160
205 160
205 160
205 160
205 160
205 160
205 160
205 160
205 160
205 160
205 160
205 160
205 160
205 160
205 160
205 160
94 190
122 171
131 177
138 189
-1 -1
-1 -1
-1 -1
-1 -1
-1 -1
-1 -1
-1 -1
-1 -1
-1 -1
-1 -1
-1 -1
-1 -1
-1 -1
-1 -1
-1 -1
-1 -1
-1 -1
